19845	4792
19845	11164
19845	28181
19845	7216
19845	9330
19845	23311
19845	15961
19845	18831
19845	20793
28245	19845
19945	19845
9995	19845
18342	19845
19845	11489
19845	29559
19845	6888
19845	8295
19845	18651
19845	9017
19845	912
19845	22452
19845	28097
19845	12130
19845	1289
19845	16708
19845	27254
8581	11671
8581	21207
8581	18867
8581	19059
8581	23333
2729	11671
30157	11671
15081	11671
1382	11671
24255	11671
24869	11671
2729	21207
30157	21207
15081	21207
1382	21207
24255	21207
24869	21207
2729	18867
30157	18867
15081	18867
1382	18867
24255	18867
24869	18867
2729	19059
30157	19059
15081	19059
1382	19059
24255	19059
24869	19059
2729	23333
30157	23333
15081	23333
1382	23333
24255	23333
24869	23333
15229	11671
25272	11671
9374	11671
22640	11671
15229	21207
25272	21207
9374	21207
22640	21207
15229	18867
25272	18867
9374	18867
22640	18867
15229	19059
25272	19059
9374	19059
22640	19059
15229	23333
25272	23333
9374	23333
22640	23333
11899	11671
11899	21207
11899	18867
11899	19059
11899	23333
7883	11671
7883	21207
7883	18867
7883	19059
7883	23333
13108	13848
28430	13848
1011	13848
13108	16779
28430	16779
1011	16779
13108	9639
28430	9639
1011	9639
21735	13108
25035	13108
21735	28430
25035	28430
21735	1011
25035	1011
16345	13108
16345	28430
16345	1011
5639	13108
5639	28430
5639	1011
26261	13108
26261	28430
26261	1011
20619	13108
7822	13108
3621	13108
20619	28430
7822	28430
3621	28430
20619	1011
7822	1011
3621	1011
13108	19485
28430	19485
1011	19485
13108	13998
28430	13998
1011	13998
13108	21633
28430	21633
1011	21633
13108	4013
28430	4013
1011	4013
13108	24527
28430	24527
1011	24527
997	13848
23248	13848
997	16779
23248	16779
997	9639
23248	9639
13848	17898
16779	17898
9639	17898
13848	29634
16779	29634
9639	29634
16345	13848
16345	16779
16345	9639
20619	13848
7822	13848
3621	13848
20619	16779
7822	16779
3621	16779
20619	9639
7822	9639
3621	9639
20182	13848
28727	13848
10274	13848
8116	13848
26218	13848
20182	16779
28727	16779
10274	16779
8116	16779
26218	16779
20182	9639
28727	9639
10274	9639
8116	9639
26218	9639
12580	101
20484	101
22796	101
9691	101
12580	18339
20484	18339
22796	18339
9691	18339
12580	17928
20484	17928
22796	17928
9691	17928
12580	16829
20484	16829
22796	16829
9691	16829
12039	21360
11253	21360
4056	21360
548	21360
12039	20542
11253	20542
4056	20542
548	20542
26895	21360
4937	21360
26895	20542
4937	20542
21360	101
20542	101
21360	14882
20542	14882
21360	18339
20542	18339
21360	17928
20542	17928
21360	16829
20542	16829
26723	21360
21637	21360
20054	21360
21683	21360
22589	21360
7391	21360
30137	21360
26723	20542
21637	20542
20054	20542
21683	20542
22589	20542
7391	20542
30137	20542
21360	3967
20542	3967
21360	8150
20542	8150
21360	6949
20542	6949
21360	17566
20542	17566
21360	16154
20542	16154
21360	8182
20542	8182
21360	11742
20542	11742
21360	25929
20542	25929
21360	3096
20542	3096
21360	15946
20542	15946
21360	18188
20542	18188
21360	10704
20542	10704
21360	6211
20542	6211
997	7674
23248	7674
997	10082
23248	10082
997	23897
23248	23897
997	19974
23248	19974
997	17898
23248	17898
997	29634
23248	29634
997	6259
23248	6259
997	20079
23248	20079
997	16345
23248	16345
997	5639
23248	5639
1358	997
28521	997
4270	997
1358	23248
28521	23248
4270	23248
997	20619
23248	20619
997	7822
23248	7822
997	3621
23248	3621
20182	997
28727	997
10274	997
8116	997
26218	997
20182	23248
28727	23248
10274	23248
8116	23248
26218	23248
4449	21774
23095	21774
4449	16716
23095	16716
4449	24659
23095	24659
4449	19721
23095	19721
4449	28588
23095	28588
4449	12015
23095	12015
4449	13991
23095	13991
4449	17521
23095	17521
4449	22333
23095	22333
29650	17947
7671	14178
4349	14178
148	14178
18831	4792
20793	4792
18831	11164
20793	11164
18831	28181
20793	28181
18831	7216
20793	7216
18831	9330
20793	9330
18831	23311
20793	23311
18831	15961
20793	15961
4792	10621
11164	10621
28181	10621
7216	10621
9330	10621
23311	10621
15961	10621
11489	4792
29559	4792
11489	11164
29559	11164
11489	28181
29559	28181
11489	7216
29559	7216
11489	9330
29559	9330
11489	23311
29559	23311
11489	15961
29559	15961
4792	8295
11164	8295
28181	8295
7216	8295
9330	8295
23311	8295
15961	8295
4792	18651
11164	18651
28181	18651
7216	18651
9330	18651
23311	18651
15961	18651
4792	9017
11164	9017
28181	9017
7216	9017
9330	9017
23311	9017
15961	9017
4792	912
11164	912
28181	912
7216	912
9330	912
23311	912
15961	912
4792	19492
11164	19492
28181	19492
7216	19492
9330	19492
23311	19492
15961	19492
4792	24258
11164	24258
28181	24258
7216	24258
9330	24258
23311	24258
15961	24258
4792	18657
11164	18657
28181	18657
7216	18657
9330	18657
23311	18657
15961	18657
4792	26107
11164	26107
28181	26107
7216	26107
9330	26107
23311	26107
15961	26107
4792	23132
11164	23132
28181	23132
7216	23132
9330	23132
23311	23132
15961	23132
4792	12939
11164	12939
28181	12939
7216	12939
9330	12939
23311	12939
15961	12939
4792	28830
11164	28830
28181	28830
7216	28830
9330	28830
23311	28830
15961	28830
4792	27062
11164	27062
28181	27062
7216	27062
9330	27062
23311	27062
15961	27062
2883	22404
10817	22404
2883	10876
10817	10876
2883	25735
10817	25735
2883	72
10817	72
2883	14335
10817	14335
2883	14882
10817	14882
11196	2883
21807	2883
11196	10817
21807	10817
2883	101
10817	101
2883	18339
10817	18339
2883	17928
10817	17928
2883	16829
10817	16829
27678	2883
14212	2883
2611	2883
3999	2883
27678	10817
14212	10817
2611	10817
3999	10817
2883	16154
10817	16154
2883	8182
10817	8182
2883	11742
10817	11742
2883	25929
10817	25929
2883	3096
10817	3096
2883	15946
10817	15946
8226	28014
15246	28014
8226	26280
8226	4844
15246	26280
15246	4844
6888	28014
6888	26280
6888	4844
13168	12680
9132	12680
13384	12680
21216	12680
7448	12680
24901	12680
12680	6464
12680	10771
28736	12680
27478	12680
12494	9563
12494	22778
12494	7432
12494	23912
12494	9677
101	9563
14882	9563
18339	9563
17928	9563
16829	9563
101	22778
14882	22778
18339	22778
17928	22778
16829	22778
101	7432
14882	7432
18339	7432
17928	7432
16829	7432
101	23912
14882	23912
18339	23912
17928	23912
16829	23912
101	9677
14882	9677
18339	9677
17928	9677
16829	9677
12102	9563
8537	9563
15755	9563
16117	9563
9393	9563
12102	22778
8537	22778
15755	22778
16117	22778
9393	22778
12102	7432
8537	7432
15755	7432
16117	7432
9393	7432
12102	23912
8537	23912
15755	23912
16117	23912
9393	23912
12102	9677
8537	9677
15755	9677
16117	9677
9393	9677
27678	9563
14212	9563
2611	9563
3999	9563
27678	22778
14212	22778
2611	22778
3999	22778
27678	7432
14212	7432
2611	7432
3999	7432
27678	23912
14212	23912
2611	23912
3999	23912
27678	9677
14212	9677
2611	9677
3999	9677
9572	9563
17308	9563
9488	9563
14849	9563
9572	22778
17308	22778
9488	22778
14849	22778
9572	7432
17308	7432
9488	7432
14849	7432
9572	23912
17308	23912
9488	23912
14849	23912
9572	9677
17308	9677
9488	9677
14849	9677
22428	6003
23342	7290
10057	20021
23348	20021
11141	20021
10119	20021
19159	20021
13885	15030
13885	21712
28245	18831
19945	18831
9995	18831
18342	18831
28245	20793
19945	20793
9995	20793
18342	20793
15228	18831
15228	20793
18831	11489
20793	11489
18831	29559
20793	29559
18831	22759
20793	22759
18831	13303
20793	13303
18831	12874
20793	12874
18831	155
20793	155
18831	6888
20793	6888
18831	8295
20793	8295
18831	18651
20793	18651
18831	9017
20793	9017
18831	912
20793	912
18831	1289
20793	1289
18831	16708
20793	16708
18831	27254
20793	27254
18831	20455
20793	20455
18831	18188
20793	18188
18831	10704
20793	10704
18831	6211
20793	6211
25743	16760
16116	16760
6552	16760
25743	202
16116	202
6552	202
25743	6550
16116	6550
6552	6550
25743	16493
16116	16493
6552	16493
25743	27609
16116	27609
6552	27609
28844	25743
7944	25743
5727	25743
28844	16116
7944	16116
5727	16116
28844	6552
7944	6552
5727	6552
29832	25743
26461	25743
16572	25743
28210	25743
29832	16116
26461	16116
16572	16116
28210	16116
29832	6552
26461	6552
16572	6552
28210	6552
10685	25743
10685	16116
10685	6552
15825	25743
15825	16116
15825	6552
25743	17653
16116	17653
6552	17653
25743	18195
16116	18195
6552	18195
25743	8581
16116	8581
6552	8581
25743	3967
16116	3967
6552	3967
13067	25743
20254	25743
13067	16116
20254	16116
13067	6552
20254	6552
25743	24757
16116	24757
6552	24757
25743	6579
16116	6579
6552	6579
25743	26432
16116	26432
6552	26432
25743	22229
16116	22229
6552	22229
25743	4866
16116	4866
6552	4866
29028	95
20279	95
1131	95
29028	15855
20279	15855
1131	15855
23561	1066
26475	1066
7728	1066
14632	1066
6369	1066
14337	1066
8030	1066
1066	20455
28245	15228
19945	15228
9995	15228
18342	15228
28245	11489
19945	11489
9995	11489
18342	11489
28245	29559
19945	29559
9995	29559
18342	29559
28245	22452
19945	22452
9995	22452
18342	22452
28245	28097
19945	28097
9995	28097
18342	28097
28245	12130
19945	12130
9995	12130
18342	12130
28245	1289
19945	1289
9995	1289
18342	1289
28245	16708
19945	16708
9995	16708
18342	16708
28245	27254
19945	27254
9995	27254
18342	27254
11196	22404
6949	22404
17566	22404
6949	10876
17566	10876
6949	25735
17566	25735
6949	72
17566	72
6949	14335
17566	14335
6949	14882
17566	14882
27148	22404
5586	22404
22004	22404
2790	22404
17287	22404
27148	10876
5586	10876
22004	10876
2790	10876
17287	10876
27148	25735
5586	25735
22004	25735
2790	25735
17287	25735
27148	72
5586	72
22004	72
2790	72
17287	72
27148	14335
5586	14335
22004	14335
2790	14335
17287	14335
27148	14882
5586	14882
22004	14882
2790	14882
17287	14882
10621	1575
23561	10621
26475	10621
7728	10621
14632	10621
6369	10621
14337	10621
8030	10621
1289	10621
16708	10621
27254	10621
10621	18911
10621	18188
10621	10704
10621	6211
12039	2964
11253	2964
4056	2964
548	2964
23792	2964
13118	2964
2779	2964
25486	2964
27947	2964
17947	2964
3967	2964
10388	2964
9895	2964
26686	2964
10864	2964
2705	2964
10267	2964
5475	2964
1293	12938
28723	12938
4847	2175
17384	2175
5863	2175
15526	2175
4847	12482
17384	12482
5863	12482
15526	12482
4847	463
17384	463
5863	463
15526	463
1520	2175
1520	12482
1520	463
20613	2175
21340	2175
19523	2175
20613	12482
21340	12482
19523	12482
20613	463
21340	463
19523	463
23586	2175
23586	12482
23586	463
3967	2175
3967	12482
3967	463
21850	2175
21850	12482
21850	463
3075	2175
3075	12482
3075	463
4332	28401
25138	28401
18949	28401
11667	28401
6542	28401
8452	28401
24695	28401
4332	17035
25138	17035
18949	17035
11667	17035
6542	17035
8452	17035
24695	17035
14495	1520
17253	1520
19416	1520
9167	22612
12927	22612
29825	22612
7863	22612
11204	22612
20669	22612
9167	15035
12927	15035
29825	15035
7863	15035
11204	15035
20669	15035
23064	287
21465	287
1293	21015
1293	24262
1022	21015
14652	21015
14787	21015
1022	24262
14652	24262
14787	24262
26301	25177
22767	25177
26773	25177
23719	25177
25177	15636
25177	25715
25177	18037
25177	4070
25177	17846
26895	28505
4937	28505
26895	19752
4937	19752
26895	9126
4937	9126
26895	5668
4937	5668
26895	23930
4937	23930
28505	23561
19752	23561
9126	23561
5668	23561
23930	23561
28505	26475
19752	26475
9126	26475
5668	26475
23930	26475
28505	7728
19752	7728
9126	7728
5668	7728
23930	7728
28505	14632
19752	14632
9126	14632
5668	14632
23930	14632
28505	6369
19752	6369
9126	6369
5668	6369
23930	6369
28505	14337
19752	14337
9126	14337
5668	14337
23930	14337
28505	8030
19752	8030
9126	8030
5668	8030
23930	8030
28505	21737
19752	21737
9126	21737
5668	21737
23930	21737
28505	18281
19752	18281
9126	18281
5668	18281
23930	18281
28505	16405
19752	16405
9126	16405
5668	16405
23930	16405
28505	29305
19752	29305
9126	29305
5668	29305
23930	29305
15346	12039
23225	12039
13148	12039
15346	11253
23225	11253
13148	11253
15346	4056
23225	4056
13148	4056
15346	548
23225	548
13148	548
26686	12039
10864	12039
2705	12039
26686	11253
10864	11253
2705	11253
26686	4056
10864	4056
2705	4056
26686	548
10864	548
2705	548
9167	8025
12927	8025
29825	8025
7863	8025
11204	8025
20669	8025
9167	3967
12927	3967
29825	3967
7863	3967
11204	3967
20669	3967
9167	2505
12927	2505
29825	2505
7863	2505
11204	2505
20669	2505
9167	10388
12927	10388
29825	10388
7863	10388
11204	10388
20669	10388
9167	9895
12927	9895
29825	9895
7863	9895
11204	9895
20669	9895
23792	8524
23792	22191
22265	18911
653	18911
6968	1931
10478	1931
24751	1931
20712	1931
14578	1931
6968	25245
10478	25245
24751	25245
20712	25245
14578	25245
6968	5961
10478	5961
24751	5961
20712	5961
14578	5961
6968	21528
10478	21528
24751	21528
20712	21528
14578	21528
15228	11489
15228	29559
15228	6888
15228	8295
15228	18651
15228	9017
15228	912
15228	1289
15228	16708
15228	27254
28844	16760
7944	16760
5727	16760
28844	202
7944	202
5727	202
28844	6550
7944	6550
5727	6550
28844	16493
7944	16493
5727	16493
28844	27609
7944	27609
5727	27609
29832	16760
26461	16760
16572	16760
28210	16760
29832	202
26461	202
16572	202
28210	202
29832	6550
26461	6550
16572	6550
28210	6550
29832	16493
26461	16493
16572	16493
28210	16493
29832	27609
26461	27609
16572	27609
28210	27609
10685	16760
10685	202
10685	6550
10685	16493
10685	27609
15825	16760
15825	202
15825	6550
15825	16493
15825	27609
10334	16760
10334	202
10334	6550
10334	16493
10334	27609
15987	16760
15987	202
15987	6550
15987	16493
15987	27609
25745	16760
7823	16760
2486	16760
13804	16760
14587	16760
25745	202
7823	202
2486	202
13804	202
14587	202
25745	6550
7823	6550
2486	6550
13804	6550
14587	6550
25745	16493
7823	16493
2486	16493
13804	16493
14587	16493
25745	27609
7823	27609
2486	27609
13804	27609
14587	27609
24757	16760
24757	202
24757	6550
24757	16493
24757	27609
22574	16760
27609	16760
22574	202
27609	202
22574	6550
27609	6550
22574	16493
27609	16493
22574	27609
27609	27609
17167	16760
17167	202
17167	6550
17167	16493
17167	27609
6579	16760
26432	16760
22229	16760
6579	202
26432	202
22229	202
6579	6550
26432	6550
22229	6550
6579	16493
26432	16493
22229	16493
6579	27609
26432	27609
22229	27609
15346	21334
23225	21334
13148	21334
26723	15346
21637	15346
20054	15346
21683	15346
22589	15346
7391	15346
30137	15346
26723	23225
21637	23225
20054	23225
21683	23225
22589	23225
7391	23225
30137	23225
26723	13148
21637	13148
20054	13148
21683	13148
22589	13148
7391	13148
30137	13148
15346	3376
23225	3376
13148	3376
15346	1868
23225	1868
13148	1868
15346	5503
23225	5503
13148	5503
15346	10065
23225	10065
13148	10065
15346	20511
23225	20511
13148	20511
15346	1571
23225	1571
13148	1571
15346	17161
23225	17161
13148	17161
15346	7670
23225	7670
13148	7670
15346	18442
23225	18442
13148	18442
15346	17410
23225	17410
13148	17410
15346	7158
23225	7158
13148	7158
8252	15346
23932	15346
8252	23225
23932	23225
8252	13148
23932	13148
15346	5133
23225	5133
13148	5133
15346	24078
23225	24078
13148	24078
15346	13939
23225	13939
13148	13939
15346	5475
23225	5475
13148	5475
20582	5787
20582	14231
20582	12159
20582	12024
20582	2286
20582	24191
21774	9658
16716	9658
24659	9658
21774	9138
16716	9138
24659	9138
21774	26446
16716	26446
24659	26446
10388	8025
9895	8025
8226	1575
15246	1575
23561	1575
26475	1575
7728	1575
14632	1575
6369	1575
14337	1575
8030	1575
2779	1575
25486	1575
27947	1575
19781	1575
941	1575
9069	1575
9572	12494
17308	12494
9488	12494
14849	12494
4224	1520
16345	7674
16345	10082
16345	23897
16345	19974
11187	18159
11187	14724
11187	2725
13168	6464
9132	6464
13384	6464
21216	6464
7448	6464
13168	10771
9132	10771
13384	10771
21216	10771
7448	10771
9893	13168
9893	9132
9893	13384
9893	21216
9893	7448
7012	13168
7012	9132
7012	13384
7012	21216
7012	7448
12273	13168
15750	13168
12273	9132
15750	9132
12273	13384
15750	13384
12273	21216
15750	21216
12273	7448
15750	7448
28736	13168
28736	9132
28736	13384
28736	21216
28736	7448
27478	13168
27478	9132
27478	13384
27478	21216
27478	7448
1293	1293
1293	1022
1293	14652
1293	14787
28723	1293
28401	4847
17035	4847
28401	17384
17035	17384
28401	5863
17035	5863
28401	15526
17035	15526
3075	4847
3075	17384
3075	5863
3075	15526
17167	4847
17167	17384
17167	5863
17167	15526
26723	21334
21637	21334
20054	21334
21683	21334
22589	21334
7391	21334
30137	21334
21737	21334
18281	21334
16405	21334
29305	21334
8252	21334
23932	21334
5133	21334
24078	21334
13939	21334
5475	21334
2693	17898
26386	17898
2693	29634
26386	29634
2693	14051
26386	14051
2693	22893
26386	22893
2693	20881
26386	20881
2693	2987
26386	2987
9218	2693
22361	2693
9218	26386
22361	26386
2693	22411
26386	22411
2693	26767
26386	26767
2693	5412
26386	5412
2693	9935
26386	9935
2693	17244
26386	17244
2693	15236
26386	15236
11889	76
11889	29502
11889	18159
18159	11889
14724	11889
2725	11889
19149	23561
19149	26475
19149	7728
19149	14632
19149	6369
19149	14337
19149	8030
21737	19149
18281	19149
16405	19149
29305	19149
5133	19149
24078	19149
13939	19149
5475	19149
19149	18188
19149	10704
19149	6211
16345	17898
16345	29634
20619	17898
7822	17898
3621	17898
20619	29634
7822	29634
3621	29634
20182	17898
28727	17898
10274	17898
8116	17898
26218	17898
20182	29634
28727	29634
10274	29634
8116	29634
26218	29634
24901	7012
24901	28736
24901	27478
10566	6464
4756	6464
10566	10771
4756	10771
21437	6464
30034	6464
4053	6464
21437	10771
30034	10771
4053	10771
28736	6464
28736	10771
26301	6949
22767	6949
26773	6949
23719	6949
26301	17566
22767	17566
26773	17566
23719	17566
15688	14051
149	14051
20479	14051
8606	14051
9919	14051
15688	22893
149	22893
20479	22893
8606	22893
9919	22893
15688	20881
149	20881
20479	20881
8606	20881
9919	20881
15688	2987
149	2987
20479	2987
8606	2987
9919	2987
14051	9367
22893	9367
20881	9367
2987	9367
14051	27389
22893	27389
20881	27389
2987	27389
14051	10247
22893	10247
20881	10247
2987	10247
14051	4952
22893	4952
20881	4952
2987	4952
23561	8226
26475	8226
7728	8226
14632	8226
6369	8226
14337	8226
8030	8226
23561	15246
26475	15246
7728	15246
14632	15246
6369	15246
14337	15246
8030	15246
12024	5787
2286	5787
24191	5787
12024	14231
2286	14231
24191	14231
12024	12159
2286	12159
24191	12159
20243	3376
20243	1868
20243	5503
26895	20613
4937	20613
26895	21340
4937	21340
26895	19523
4937	19523
26895	23561
4937	23561
26895	26475
4937	26475
26895	7728
4937	7728
26895	14632
4937	14632
26895	6369
4937	6369
26895	14337
4937	14337
26895	8030
4937	8030
26895	26723
4937	26723
26895	21637
4937	21637
26895	20054
4937	20054
26895	21683
4937	21683
26895	22589
4937	22589
26895	7391
4937	7391
26895	30137
4937	30137
26895	8150
4937	8150
26895	8252
4937	8252
26895	23932
4937	23932
26895	6949
4937	6949
26895	17566
4937	17566
26895	7840
4937	7840
26895	6034
4937	6034
26895	1767
4937	1767
5141	17451
22805	17451
5141	26054
22805	26054
4441	17167
26269	17167
25246	17167
23900	17167
17767	6268
18743	6268
14912	17767
20057	17767
14912	18743
20057	18743
1520	9658
1520	23586
21850	1520
1520	8478
7012	9893
9893	28736
9893	27478
21735	20316
25035	20316
21735	3547
25035	3547
21735	11804
25035	11804
21735	3117
25035	3117
21735	25724
25035	25724
16345	20316
16345	3547
16345	11804
16345	3117
16345	25724
20316	5639
3547	5639
11804	5639
3117	5639
25724	5639
20316	20619
3547	20619
11804	20619
3117	20619
25724	20619
20316	7822
3547	7822
11804	7822
3117	7822
25724	7822
20316	3621
3547	3621
11804	3621
3117	3621
25724	3621
29330	29172
19721	13991
28588	13991
12015	13991
19721	17521
28588	17521
12015	17521
19721	22333
28588	22333
12015	22333
19721	16772
28588	16772
12015	16772
19721	26013
28588	26013
12015	26013
19721	29204
28588	29204
12015	29204
19721	18086
28588	18086
12015	18086
19721	22878
28588	22878
12015	22878
28844	17653
7944	17653
5727	17653
28844	18195
7944	18195
5727	18195
29832	17653
26461	17653
16572	17653
28210	17653
29832	18195
26461	18195
16572	18195
28210	18195
10685	17653
10685	18195
15825	17653
15825	18195
28844	3967
7944	3967
5727	3967
29832	3967
26461	3967
16572	3967
28210	3967
10685	3967
15825	3967
28844	13067
7944	13067
5727	13067
28844	20254
7944	20254
5727	20254
29832	13067
26461	13067
16572	13067
28210	13067
29832	20254
26461	20254
16572	20254
28210	20254
10685	13067
10685	20254
15825	13067
15825	20254
28844	4866
7944	4866
5727	4866
29832	4866
26461	4866
16572	4866
28210	4866
10685	4866
15825	4866
17653	3967
18195	3967
4866	17653
4866	18195
12195	3768
12195	9174
12195	7400
12195	16568
18285	3768
18285	9174
18285	7400
18285	16568
25802	21443
24906	21443
29985	21443
21443	18911
7290	1480
7290	2691
7290	5169
25745	15688
7823	15688
2486	15688
13804	15688
14587	15688
25745	149
7823	149
2486	149
13804	149
14587	149
25745	20479
7823	20479
2486	20479
13804	20479
14587	20479
25745	8606
7823	8606
2486	8606
13804	8606
14587	8606
25745	9919
7823	9919
2486	9919
13804	9919
14587	9919
15688	9367
149	9367
20479	9367
8606	9367
9919	9367
15688	27389
149	27389
20479	27389
8606	27389
9919	27389
15688	10247
149	10247
20479	10247
8606	10247
9919	10247
15688	4952
149	4952
20479	4952
8606	4952
9919	4952
26261	15688
26261	149
26261	20479
26261	8606
26261	9919
15688	22574
149	22574
20479	22574
8606	22574
9919	22574
15688	27609
149	27609
20479	27609
8606	27609
9919	27609
12273	15688
15750	15688
12273	149
15750	149
12273	20479
15750	20479
12273	8606
15750	8606
12273	9919
15750	9919
13991	15688
17521	15688
22333	15688
13991	149
17521	149
22333	149
13991	20479
17521	20479
22333	20479
13991	8606
17521	8606
22333	8606
13991	9919
17521	9919
22333	9919
322	15688
3672	15688
29761	15688
27510	15688
322	149
3672	149
29761	149
27510	149
322	20479
3672	20479
29761	20479
27510	20479
322	8606
3672	8606
29761	8606
27510	8606
322	9919
3672	9919
29761	9919
27510	9919
1746	28169
18486	28169
1746	12396
18486	12396
1746	28040
18486	28040
22303	2309
22303	29737
22303	29817
2309	101
29737	101
29817	101
2309	14882
29817	14882
2309	18339
29737	18339
29817	18339
2309	17928
29737	17928
29817	17928
2309	16829
29737	16829
29817	16829
2309	26236
29737	26236
29817	26236
2309	12488
29737	12488
29817	12488
2309	29737
29737	29737
29817	29737
1464	2309
27111	2309
23428	2309
1464	29817
27111	29817
23428	29817
2309	6949
29737	6949
29817	6949
2309	17566
29737	17566
29817	17566
16254	14702
16254	20992
16254	19547
16254	7021
16254	26331
15693	16254
5260	16254
17189	16254
25889	16254
2391	16254
27714	16254
16254	6949
16254	17566
16254	18188
16254	10704
16254	6211
22058	27030
23665	27030
22058	25162
23665	25162
287	22510
287	7943
16345	21735
16345	25035
21735	5639
25035	5639
21735	8478
25035	8478
11489	8295
29559	8295
11489	18651
29559	18651
11489	9017
29559	9017
11489	912
29559	912
11489	1289
29559	1289
11489	16708
29559	16708
11489	27254
29559	27254
21568	20784
19814	20784
28930	20784
9033	20784
4654	20784
21568	8383
19814	8383
28930	8383
9033	8383
4654	8383
21568	25212
19814	25212
28930	25212
9033	25212
4654	25212
21568	15622
19814	15622
28930	15622
9033	15622
4654	15622
21568	5621
19814	5621
28930	5621
9033	5621
4654	5621
21568	7063
19814	7063
28930	7063
9033	7063
4654	7063
3782	20784
17798	20784
9452	20784
6900	20784
4024	20784
9712	20784
3782	8383
17798	8383
9452	8383
6900	8383
4024	8383
9712	8383
3782	25212
17798	25212
9452	25212
6900	25212
4024	25212
9712	25212
3782	15622
17798	15622
9452	15622
6900	15622
4024	15622
9712	15622
3782	5621
17798	5621
9452	5621
6900	5621
4024	5621
9712	5621
3782	7063
17798	7063
9452	7063
6900	7063
4024	7063
9712	7063
14798	20784
14798	8383
14798	25212
14798	15622
14798	5621
14798	7063
21568	5475
19814	5475
28930	5475
9033	5475
4654	5475
3782	5475
17798	5475
9452	5475
6900	5475
4024	5475
9712	5475
14798	5475
8581	15229
8581	25272
8581	9374
8581	22640
8581	11899
22191	27732
22191	23558
22191	29237
18159	76
14724	76
2725	76
18159	29502
14724	29502
2725	29502
18159	18159
14724	18159
2725	18159
18968	13865
8463	13865
6529	13865
29062	13865
18968	3
8463	3
6529	3
29062	3
14912	6268
20057	6268
3413	22303
18272	22303
3413	19688
18272	19688
3413	6008
18272	6008
6235	3967
6235	29338
6235	18911
6235	14976
22574	28401
27609	28401
22574	17035
27609	17035
1643	28401
3075	28401
1643	17035
3075	17035
10334	17167
15987	17167
6579	10334
26432	10334
22229	10334
6579	15987
26432	15987
22229	15987
11196	14764
21807	14764
11196	6949
21807	6949
11196	17566
21807	17566
7012	28736
7012	27478
2729	11899
30157	11899
15081	11899
1382	11899
24255	11899
24869	11899
6242	101
4572	101
6242	14882
4572	14882
6242	18339
4572	18339
6242	17928
4572	17928
6242	16829
4572	16829
10065	101
20511	101
1571	101
17161	101
7670	101
18442	101
17410	101
7158	101
10065	14882
20511	14882
1571	14882
17161	14882
7670	14882
18442	14882
17410	14882
7158	14882
10065	18339
20511	18339
1571	18339
17161	18339
7670	18339
18442	18339
17410	18339
7158	18339
10065	17928
20511	17928
1571	17928
17161	17928
7670	17928
18442	17928
17410	17928
7158	17928
10065	16829
20511	16829
1571	16829
17161	16829
7670	16829
18442	16829
17410	16829
7158	16829
101	6949
14882	6949
18339	6949
17928	6949
16829	6949
101	17566
14882	17566
18339	17566
17928	17566
16829	17566
27148	101
5586	101
22004	101
2790	101
17287	101
27148	18339
5586	18339
22004	18339
2790	18339
17287	18339
27148	17928
5586	17928
22004	17928
2790	17928
17287	17928
27148	16829
5586	16829
22004	16829
2790	16829
17287	16829
14438	16169
4364	16169
14438	24726
4364	24726
14438	10505
4364	10505
14438	27650
4364	27650
14438	23882
4364	23882
9658	25802
9658	24906
9658	29985
23561	3967
26475	3967
7728	3967
14632	3967
6369	3967
14337	3967
8030	3967
8150	23561
8150	26475
8150	7728
8150	14632
8150	6369
8150	14337
8150	8030
26475	18188
7728	18188
14632	18188
6369	18188
14337	18188
8030	18188
26475	10704
7728	10704
14632	10704
6369	10704
14337	10704
8030	10704
26475	6211
7728	6211
14632	6211
6369	6211
14337	6211
8030	6211
16345	5639
16345	20619
16345	7822
16345	3621
20182	16345
28727	16345
10274	16345
8116	16345
26218	16345
16345	19485
16345	13998
16345	21633
16345	4013
16345	24527
8478	25802
8478	24906
8478	29985
28981	26945
28981	8699
28981	5102
28981	5255
28981	25745
28981	7823
28981	2486
28981	13804
28981	14587
25745	24757
7823	24757
2486	24757
13804	24757
14587	24757
26261	25745
26261	7823
26261	2486
26261	13804
26261	14587
25745	22574
7823	22574
2486	22574
13804	22574
14587	22574
12273	25745
15750	25745
12273	7823
15750	7823
12273	2486
15750	2486
12273	13804
15750	13804
12273	14587
15750	14587
13991	25745
17521	25745
22333	25745
13991	7823
17521	7823
22333	7823
13991	2486
17521	2486
22333	2486
13991	13804
17521	13804
22333	13804
13991	14587
17521	14587
22333	14587
25745	15693
7823	15693
2486	15693
13804	15693
14587	15693
25745	5260
7823	5260
2486	5260
13804	5260
14587	5260
25745	17189
7823	17189
2486	17189
13804	17189
14587	17189
25745	25889
7823	25889
2486	25889
13804	25889
14587	25889
25745	2391
7823	2391
2486	2391
13804	2391
14587	2391
25745	27714
7823	27714
2486	27714
13804	27714
14587	27714
6579	25745
26432	25745
22229	25745
6579	7823
26432	7823
22229	7823
6579	2486
26432	2486
22229	2486
6579	13804
26432	13804
22229	13804
6579	14587
26432	14587
22229	14587
6242	16154
4572	16154
6242	8182
4572	8182
6242	11742
4572	11742
6242	25929
4572	25929
6242	3096
4572	3096
6242	15946
4572	15946
24726	16169
10505	16169
27650	16169
23882	16169
3376	22058
1868	22058
5503	22058
3376	23665
1868	23665
5503	23665
26686	22058
10864	22058
2705	22058
26686	23665
10864	23665
2705	23665
23586	3967
10143	17947
26723	10065
21637	10065
20054	10065
21683	10065
22589	10065
7391	10065
30137	10065
26723	20511
21637	20511
20054	20511
21683	20511
22589	20511
7391	20511
30137	20511
26723	1571
21637	1571
20054	1571
21683	1571
22589	1571
7391	1571
30137	1571
26723	17161
21637	17161
20054	17161
21683	17161
22589	17161
7391	17161
30137	17161
26723	7670
21637	7670
20054	7670
21683	7670
22589	7670
7391	7670
30137	7670
26723	18442
21637	18442
20054	18442
21683	18442
22589	18442
7391	18442
30137	18442
26723	17410
21637	17410
20054	17410
21683	17410
22589	17410
7391	17410
30137	17410
26723	7158
21637	7158
20054	7158
21683	7158
22589	7158
7391	7158
30137	7158
8252	26723
23932	26723
8252	21637
23932	21637
8252	20054
23932	20054
8252	21683
23932	21683
8252	22589
23932	22589
8252	7391
23932	7391
8252	30137
23932	30137
26723	5133
21637	5133
20054	5133
21683	5133
22589	5133
7391	5133
30137	5133
26723	24078
21637	24078
20054	24078
21683	24078
22589	24078
7391	24078
30137	24078
26723	13939
21637	13939
20054	13939
21683	13939
22589	13939
7391	13939
30137	13939
26723	5475
21637	5475
20054	5475
21683	5475
22589	5475
7391	5475
30137	5475
30093	20619
774	20619
28149	20619
30093	7822
774	7822
28149	7822
30093	3621
774	3621
28149	3621
19599	20889
28922	20889
7671	10468
4349	10468
148	10468
7671	20859
4349	20859
148	20859
7671	20472
4349	20472
148	20472
7671	11043
4349	11043
148	11043
7671	20772
4349	20772
148	20772
9641	26001
9641	12382
9641	22625
9641	25981
21850	3967
13067	3967
20254	3967
10388	3967
9895	3967
3967	29338
3967	18911
3967	14976
4922	3967
28231	3967
16772	3967
26013	3967
29204	3967
18086	3967
22878	3967
8252	3967
23932	3967
5133	3967
24078	3967
13939	3967
18188	3967
10704	3967
6211	3967
5639	20619
5639	7822
5639	3621
5639	19485
5639	13998
5639	21633
5639	4013
5639	24527
21850	13067
21850	20254
21850	6949
21850	17566
5116	26001
29414	26001
5116	12382
29414	12382
5116	22625
29414	22625
5116	25981
29414	25981
1358	20455
28521	20455
4270	20455
28981	15693
28981	5260
28981	17189
28981	25889
28981	2391
28981	27714
13067	4866
20254	4866
3376	10065
1868	10065
5503	10065
3376	20511
1868	20511
5503	20511
3376	1571
1868	1571
5503	1571
3376	17161
1868	17161
5503	17161
3376	7670
1868	7670
5503	7670
3376	18442
1868	18442
5503	18442
3376	17410
1868	17410
5503	17410
3376	7158
1868	7158
5503	7158
20455	18188
20455	10704
20455	6211
26686	10388
10864	10388
2705	10388
26686	9895
10864	9895
2705	9895
4922	10388
28231	10388
4922	9895
28231	9895
22574	24757
27609	24757
6579	24757
26432	24757
22229	24757
5133	10065
24078	10065
13939	10065
5133	20511
24078	20511
13939	20511
5133	1571
24078	1571
13939	1571
5133	17161
24078	17161
13939	17161
5133	7670
24078	7670
13939	7670
5133	18442
24078	18442
13939	18442
5133	17410
24078	17410
13939	17410
5133	7158
24078	7158
13939	7158
10065	6949
20511	6949
1571	6949
17161	6949
7670	6949
18442	6949
17410	6949
7158	6949
10065	17566
20511	17566
1571	17566
17161	17566
7670	17566
18442	17566
17410	17566
7158	17566
10065	27678
20511	27678
1571	27678
17161	27678
7670	27678
18442	27678
17410	27678
7158	27678
10065	14212
20511	14212
1571	14212
17161	14212
7670	14212
18442	14212
17410	14212
7158	14212
10065	2611
20511	2611
1571	2611
17161	2611
7670	2611
18442	2611
17410	2611
7158	2611
10065	3999
20511	3999
1571	3999
17161	3999
7670	3999
18442	3999
17410	3999
7158	3999
10065	16154
20511	16154
1571	16154
17161	16154
7670	16154
18442	16154
17410	16154
7158	16154
10065	8182
20511	8182
1571	8182
17161	8182
7670	8182
18442	8182
17410	8182
7158	8182
10065	11742
20511	11742
1571	11742
17161	11742
7670	11742
18442	11742
17410	11742
7158	11742
10065	25929
20511	25929
1571	25929
17161	25929
7670	25929
18442	25929
17410	25929
7158	25929
10065	3096
20511	3096
1571	3096
17161	3096
7670	3096
18442	3096
17410	3096
7158	3096
10065	15946
20511	15946
1571	15946
17161	15946
7670	15946
18442	15946
17410	15946
7158	15946
26261	15693
26261	5260
26261	17189
26261	25889
26261	2391
26261	27714
13991	24144
17521	24144
22333	24144
13991	19976
17521	19976
22333	19976
13991	3936
17521	3936
22333	3936
13991	12363
17521	12363
22333	12363
21737	8150
18281	8150
16405	8150
29305	8150
8150	18188
8150	10704
8150	6211
12273	322
15750	322
12273	3672
15750	3672
12273	29761
15750	29761
12273	27510
15750	27510
6981	9138
3596	9138
6981	26446
3596	26446
6981	13843
3596	13843
6981	8397
3596	8397
6981	22171
3596	22171
6981	17058
3596	17058
8252	26686
23932	26686
8252	10864
23932	10864
8252	2705
23932	2705
26686	5475
10864	5475
2705	5475
20182	20619
28727	20619
10274	20619
8116	20619
26218	20619
20182	7822
28727	7822
10274	7822
8116	7822
26218	7822
20182	3621
28727	3621
10274	3621
8116	3621
26218	3621
20619	19485
7822	19485
3621	19485
20619	13998
7822	13998
3621	13998
20619	21633
7822	21633
3621	21633
20619	4013
7822	4013
3621	4013
20619	24527
7822	24527
3621	24527
6949	29338
17566	29338
6949	18911
17566	18911
6949	14976
17566	14976
16141	4922
24595	4922
16141	28231
24595	28231
10468	20411
20859	20411
20472	20411
11043	20411
20772	20411
10468	10947
20859	10947
20472	10947
11043	10947
20772	10947
10468	27626
20859	27626
20472	27626
11043	27626
20772	27626
10468	22737
20859	22737
20472	22737
11043	22737
20772	22737
20182	19485
28727	19485
10274	19485
8116	19485
26218	19485
20182	13998
28727	13998
10274	13998
8116	13998
26218	13998
20182	21633
28727	21633
10274	21633
8116	21633
26218	21633
20182	4013
28727	4013
10274	4013
8116	4013
26218	4013
20182	24527
28727	24527
10274	24527
8116	24527
26218	24527
15693	6949
5260	6949
17189	6949
25889	6949
2391	6949
27714	6949
15693	17566
5260	17566
17189	17566
25889	17566
2391	17566
27714	17566
11899	15229
11899	25272
11899	9374
11899	22640
20784	5475
8383	5475
25212	5475
15622	5475
5621	5475
7063	5475
21737	5475
18281	5475
16405	5475
29305	5475
16772	6949
26013	6949
29204	6949
18086	6949
22878	6949
16772	17566
26013	17566
29204	17566
18086	17566
22878	17566
16772	18188
26013	18188
29204	18188
18086	18188
22878	18188
16772	10704
26013	10704
29204	10704
18086	10704
22878	10704
16772	6211
26013	6211
29204	6211
18086	6211
22878	6211
8252	5133
23932	5133
8252	24078
23932	24078
8252	13939
23932	13939
8252	6949
23932	6949
8252	17566
23932	17566
8252	5475
23932	5475
7290	19688
7290	6008
12102	27678
8537	27678
15755	27678
16117	27678
9393	27678
12102	14212
8537	14212
15755	14212
16117	14212
9393	14212
12102	2611
8537	2611
15755	2611
16117	2611
9393	2611
12102	3999
8537	3999
15755	3999
16117	3999
9393	3999
12102	9572
8537	9572
15755	9572
16117	9572
9393	9572
12102	17308
8537	17308
15755	17308
16117	17308
9393	17308
12102	9488
8537	9488
15755	9488
16117	9488
9393	9488
12102	14849
8537	14849
15755	14849
16117	14849
9393	14849
5133	5475
24078	5475
13939	5475
11899	7298
11899	7766
11899	26911
11899	21454
6949	16154
17566	16154
6949	8182
17566	8182
6949	11742
17566	11742
6949	25929
17566	25929
6949	3096
17566	3096
6949	15946
17566	15946
6949	7840
17566	7840
6949	6034
17566	6034
6949	1767
17566	1767
27148	6949
5586	6949
22004	6949
2790	6949
17287	6949
27148	17566
5586	17566
22004	17566
2790	17566
17287	17566
18188	6949
10704	6949
6211	6949
18188	17566
10704	17566
6211	17566
17167	1643
17167	3075
9138	13843
26446	13843
9138	8397
26446	8397
9138	22171
26446	22171
9138	17058
26446	17058
27148	16154
5586	16154
22004	16154
2790	16154
17287	16154
27148	8182
5586	8182
22004	8182
2790	8182
17287	8182
27148	11742
5586	11742
22004	11742
2790	11742
17287	11742
27148	25929
5586	25929
22004	25929
2790	25929
17287	25929
27148	3096
5586	3096
22004	3096
2790	3096
17287	3096
27148	15946
5586	15946
22004	15946
2790	15946
17287	15946
27148	7840
5586	7840
22004	7840
2790	7840
17287	7840
27148	6034
5586	6034
22004	6034
2790	6034
17287	6034
27148	1767
5586	1767
22004	1767
2790	1767
17287	1767
7840	9572
6034	9572
1767	9572
7840	17308
6034	17308
1767	17308
7840	9488
6034	9488
1767	9488
7840	14849
6034	14849
1767	14849
28736	27478
6579	17167
26432	17167
22229	17167
27148	9572
5586	9572
22004	9572
2790	9572
17287	9572
27148	17308
5586	17308
22004	17308
2790	17308
17287	17308
27148	9488
5586	9488
22004	9488
2790	9488
17287	9488
27148	14849
5586	14849
22004	14849
2790	14849
17287	14849
13687	15063
26079	2356
13121	16703
9882	20102
12104	7865
26635	12143
2033	21113
15995	22656
8628	393
24548	2012
14932	3276
1882	3372
27503	17459
28746	10103
1173	4006
8993	22948
26093	161
12912	18715
6399	23770
18688	4050
5263	25072
12469	28488
14804	26133
28194	24649
21256	26148
8723	28072
7016	22198
23375	10412
1695	2540
2351	18390
24108	27470
22870	19162
9927	17057
9063	13176
449	13832
15927	23756
10379	286
3920	29875
12624	13996
3245	19330
4689	21781
29899	16696
18397	29764
24379	28418
25233	19576
5130	3314
16646	237
22993	5488
10189	24991
29419	26466
15728	5776
12193	25377
26346	22871
7808	10770
14843	19874
6589	2241
26174	27251
10167	19998
27487	25426
29573	1133
12903	21603
23582	25201
15826	23657
11490	13287
26709	8405
1504	24661
23	7509
14263	5678
11722	9293
15369	12991
29588	11190
10880	27401
26479	16659
20777	20117
2470	26985
17452	14649
13861	2539
6608	23998
9433	4167
22847	2308
5017	16429
2466	9657
30020	14929
21766	13106
10897	8566
16879	25279
10275	10336
27271	15197
12777	13934
22091	16237
19143	20888
26565	17047
21990	7733
18854	9525
26558	16880
7942	4166
18550	3098
17309	15883
29613	28067
11774	15772
25947	19102
27261	8298
30116	17041
24723	4810
19330	9844
15082	5764
16205	14956
4951	52
13768	14893
23328	13027
27609	29175
8569	15017
5460	6433
28554	681
5621	17867
14969	27818
7027	8479
16453	15455
3090	14425
22845	17287
17997	7800
3509	22621
17153	2727
14736	13341
14459	13506
26312	6381
17704	24654
12693	503
13262	10648
27373	9653
5608	25872
24458	12535
12309	2674
15358	16440
10663	14993
25107	24999
24746	23816
23416	20639
24697	11355
7756	16826
10340	10448
26369	15291
22801	29314
9658	11593
26560	27506
10478	17409
23427	23217
2976	13002
10957	827
7987	7325
29781	18460
7386	14435
17591	15665
8612	14818
7431	9310
671	26699
11085	8747
122	17239
9704	10979
6389	17944
6141	17741
18779	3902
16225	10661
22025	24803
23681	28413
6814	27843
29216	150
15166	17633
29481	2708
1987	23589
12926	19454
20806	21845
27019	1490
7624	25825
6011	21123
7640	25529
388	6394
16664	27760
5272	28761
27753	14333
20263	4822
22391	12499
27071	6360
20336	28238
13810	22884
4397	26276
26733	8281
6634	9821
2600	15961
28167	29246
29540	4865
7301	1219
10824	23293
11133	13002
5647	8964
14427	1944
6691	14699
20504	3631
17096	18842
18891	12045
10595	7995
1439	781
1332	3752
14138	10387
9553	14049
12016	5358
12888	10057
11884	20962
26403	7635
24709	1750
24224	29261
27062	6044
19481	15855
8600	17974
15631	5277
19755	18074
19340	22749
5767	29095
6945	14636
1783	25360
14002	319
14525	2188
15770	6210
21810	21315
15522	15816
9081	8454
14253	30070
19656	27051
2051	17831
1754	19528
29050	5408
6170	23525
25724	17732
22779	15261
15128	25202
5127	16078
91	20456
2274	28286
16906	13894
4852	22637
21149	28562
14753	12611
17729	8542
18846	5726
23774	15825
9129	8713
15050	23743
14116	20491
1346	10824
10343	10421
12290	38
25037	6647
6653	16880
9095	8202
21821	23377
10009	7817
24557	5005
2267	14202
25786	10474
15725	6847
5062	626
6931	2765
1542	24000
5561	13225
2006	21969
29233	8243
28647	26470
20999	25174
21605	8006
23563	21528
26778	27900
27288	27602
16201	5804
23855	13080
6321	19579
9812	20457
20978	21008
6696	15209
4000	5260
24160	10793
9254	7430
12329	15683
13972	24491
5741	15557
22667	9159
28838	10133
10571	25183
21295	9618
17914	28325
22128	18842
25385	16010
21434	22569
6581	11057
26442	30020
6199	28443
24734	28075
29256	22186
7052	1159
5483	29079
18488	27114
23701	10165
29840	9776
26262	2754
9920	14492
9312	26716
11862	3590
23298	26991
27152	8738
9162	24439
9845	8234
14015	2573
17192	4408
25072	4087
9613	27006
9566	12020
25038	28464
2965	12709
27267	680
13009	29159
11627	5454
26923	1242
22955	29270
23461	10534
17980	10499
10449	23333
18584	8007
2881	29382
14321	23519
15920	24341
18251	23751
26549	19693
18917	4679
4723	21771
4696	21955
27964	2228
11088	12101
21093	11185
1385	27483
9141	9829
17442	3417
15174	30142
16611	7781
15910	7002
14705	13932
27947	3198
26357	26516
19736	2372
22596	29927
15445	22681
13452	3533
29571	29821
25363	22526
123	24014
9097	8938
12213	14263
21688	27630
29084	16381
24078	2203
16539	13418
19042	10802
1643	27042
4666	20730
20406	24818
22976	25679
15768	7531
17094	4031
9706	10133
18015	17287
3684	2660
11574	13508
20851	12539
29665	14348
5511	9867
13346	21807
29596	12405
2851	1409
11237	4117
12863	29546
9160	21256
22119	8697
27467	9413
3724	15552
8242	3894
8080	19172
21383	21771
7077	10352
27158	10433
4756	5288
20280	29263
16762	28003
22956	26711
24279	3037
16642	12353
9555	12480
3108	2345
27079	9533
17012	13925
15754	26483
7296	30152
25874	25480
14717	8968
10166	25227
560	9466
4826	11589
23834	26995
24342	1326
25087	482
3667	27186
10224	7832
18926	2745
12625	24279
9068	24932
352	24153
26850	15231
28138	23470
20237	23909
17524	26210
4144	9377
29442	5961
1833	15223
7906	13793
29643	29768
7501	22480
8218	24175
14983	20341
18141	19048
24041	14538
24518	14361
7561	23500
3853	22128
11721	15185
3538	29337
24790	13520
5208	7333
19316	17330
1444	13647
7865	16493
4703	12090
14781	20185
11785	28231
4935	21151
24844	28837
29617	23333
22376	11774
25923	5981
3938	17005
823	16693
15348	21965
7766	22016
4467	7773
28321	7203
28814	12227
8156	23008
22079	4082
18161	22308
543	28018
13105	4116
2504	22066
24029	22327
5746	26987
21108	9500
26279	7378
19852	17536
14706	11463
29025	1720
2163	12018
10553	5853
10176	2182
19841	12767
8299	11609
24234	14271
6807	23095
3106	12995
11654	23197
12970	16505
1421	26724
29794	6390
10875	27971
11485	28650
14215	23897
3301	6335
19290	18733
11061	21476
24126	9720
606	19686
21352	6161
2320	26113
3994	2633
12330	769
21688	23057
9656	22390
20207	11396
4536	18006
12088	23480
12119	19832
7761	636
17124	2915
14706	11852
11145	14980
9630	1616
19594	1833
18902	11746
26641	19224
25538	5897
13225	28929
10260	23658
8442	17688
1474	9283
6414	28977
1985	17835
29738	30043
13224	5481
18305	28964
13969	18226
23699	20468
8494	26335
19079	20400
29978	2376
21074	12743
26462	2781
29172	4119
8555	26592
4569	18879
28951	2023
24709	15314
18366	18266
22315	28799
17318	5524
3854	22025
2536	2407
15195	28092
19894	12432
6912	1145
16490	22546
8812	28580
22339	18861
3169	10277
12031	12663
15147	26872
22174	10151
26503	25515
22847	27066
19957	14513
13981	5468
15255	6440
25554	15934
14023	27141
18860	12447
14766	2098
25988	18191
23788	8718
11999	21850
12169	22981
13908	17131
3196	21154
25873	10322
5246	4032
4737	2294
2898	3730
28284	5194
20541	29442
4134	4790
21279	9335
12862	30160
27665	27509
24973	27876
2399	14634
20521	1503
17125	3911
2036	9428
14208	8956
18735	3250
8379	13050
3222	19204
5183	15966
25356	2048
2749	15394
19690	13409
4071	25512
14080	23213
7719	27956
15202	18120
3021	9542
4497	3300
21932	9500
5473	7364
25179	16321
29072	23209
16007	1233
895	19572
25704	29136
29999	22053
7711	26349
24594	14286
3540	23209
17316	2608
26849	8562
5031	14029
22698	14079
10772	2088
22743	13747
21756	12045
14709	5652
30007	18452
18619	5009
13013	23996
30126	19293
12131	24606
3577	1560
4835	28093
27529	14213
8469	25285
29404	24606
12783	20366
11542	3600
14725	5641
1348	16091
26723	12293
17606	23520
15986	26384
10790	21320
6892	20593
1811	16040
29220	17354
6552	14153
24974	634
14391	4549
12964	19804
11651	18760
27322	2568
29747	4877
27030	19100
2141	15355
1291	1144
24699	15747
1791	9035
5654	19359
28001	8476
270	2514
12558	17528
11506	23143
28618	24036
26514	10115
5971	22977
24615	11386
25330	24281
14911	9771
16326	27035
28695	6705
23184	5569
6591	10049
10551	19794
29063	5790
505	24950
9077	25377
9152	17629
28199	6166
5219	16204
24785	1946
20046	13841
22615	15606
19082	13842
20660	7516
6388	5280
11878	25549
4894	3631
3182	6
15297	16739
18598	25325
14086	20868
24565	1685
19392	26486
18683	4731
23960	8887
26770	17259
15257	21078
15218	13236
23535	7006
31	4064
13190	9282
6094	704
27246	23974
1729	29162
28574	24674
21598	26731
5680	28458
2250	22612
27819	10475
29328	29632
10510	21496
7687	17196
6330	14495
28571	13278
1449	20609
6102	16916
11421	25404
8473	5380
18005	616
19533	6477
29641	27856
29462	26589
24727	14124
22301	25651
2500	20255
22840	24079
2100	13598
5972	21017
12105	9751
23075	20355
16139	1442
28637	3958
8554	15997
11113	7604
24097	15559
7162	4474
29116	5751
10086	6619
21538	11723
1793	29240
6721	12464
8499	12344
19340	6552
13084	22890
4440	19835
29464	6407
11335	17504
12150	22155
1327	29777
15668	8693
14007	5846
12873	16498
21691	1707
21384	22592
22953	19765
26493	24867
22709	8828
9593	23490
8015	11686
14809	27453
23016	11245
29803	16202
6711	11737
12501	23230
22054	26090
30068	6885
8062	672
1475	12919
25229	1277
1806	2368
433	3886
1696	29952
9507	2390
22090	640
9337	5558
20671	16831
2804	5370
10186	10772
15835	2766
26313	17926
6422	3402
1260	11892
28555	27134
6645	7519
23471	514
3301	1091
13024	340
5195	28389
9820	874
14439	19485
20210	1107
22653	30091
28880	23887
13853	7933
9734	19287
18621	24892
893	8363
7415	17327
28854	16556
2830	16020
23349	9232
3788	23081
13562	26254
19988	855
2065	26887
2486	17010
17898	29875
6037	25653
29073	438
19713	17635
10662	14369
17794	20558
17260	26163
16885	15346
22794	12317
28823	21039
631	20127
16546	28845
17254	24748
555	10607
19540	24552
23993	11404
10820	24643
29741	8192
13835	6286
12957	29785
1278	423
28157	10362
10243	27101
17361	3318
17981	17874
10271	16044
2112	21372
20986	11094
9644	10436
10473	13273
5907	26388
18058	22926
28949	22599
6260	26802
20065	26001
1203	12238
15792	18783
29320	4924
11736	17246
11652	21735
12378	14199
14436	8139
4350	23986
21407	28425
20698	2417
27004	12134
19070	3092
16816	19001
4878	20022
17585	12122
7240	18375
685	12162
29616	28232
27360	26810
19086	11323
22616	24586
13544	25518
17903	7263
25420	6321
26959	801
5307	13966
17322	21693
29601	21503
6638	815
11796	21443
23317	28082
15476	11219
10953	7358
11936	27771
4497	22297
5607	13426
27038	21483
30001	29670
3968	14884
24959	7391
6932	13188
8541	29880
19440	20616
19741	6793
603	24368
3604	11191
24722	22173
9669	8934
20084	24425
29248	4802
18857	4674
23760	17907
6889	22372
15125	8305
1510	15980
17919	15156
18578	11010
22447	20681
3764	30060
3540	12427
12847	11978
938	22213
3899	10650
6822	1679
25177	9927
17352	19121
30158	29404
22219	24910
24453	16231
20369	8678
29505	29393
18164	30114
6218	14455
16531	14413
6028	20233
20431	10079
496	8531
13992	10536
961	19379
18643	16424
8981	18651
30046	12277
7694	9810
19250	1498
14677	4875
7123	18372
5843	19236
3698	29036
19814	13589
21096	4284
23875	24661
26836	9540
7731	22903
5485	10547
15603	18765
8866	23284
2134	19967
21289	11103
22919	14037
15993	5252
11550	4988
150	25573
12073	23318
22438	1965
4677	11222
5692	6871
22524	1691
24663	23863
16789	29454
10985	29449
25615	15057
29593	21094
3645	20763
24538	27751
14770	1521
4561	17495
7275	10918
27489	10894
19738	17486
11672	7347
385	11246
14544	11839
7054	27003
9322	29917
10239	23857
10262	845
18345	213
13156	5673
28285	7548
13294	23975
11752	25807
28955	24605
16799	28060
17068	14664
6665	2711
8911	16773
24695	18906
12427	10082
19828	773
15242	16020
17442	1873
28318	7617
17705	10071
15067	8704
28781	28130
5269	20000
12285	9180
3498	22331
11287	12702
21132	7895
23989	18065
10687	22476
7292	20227
11720	20772
19427	11193
9533	17128
9527	7458
9564	24435
261	28702
5857	10894
22104	12230
29696	6722
23663	12154
4486	12978
6955	3831
11905	4896
21730	28398
3368	15201
12195	17899
4543	28939
22607	1368
26953	22305
5222	18837
18582	6492
22041	327
16361	29475
19674	25159
16638	24042
27177	12558
6861	18668
6635	23723
16097	1202
25507	4779
22790	23844
2818	24346
9237	8374
7159	6450
18924	1495
14455	1678
15433	28694
12045	11523
27580	4497
23862	16373
366	6664
23635	26260
878	12832
13300	26012
3291	3188
2695	27733
5686	4189
9885	5429
16423	5215
3533	25884
24449	4075
8188	22200
13783	19032
6773	8937
25221	11169
20104	28941
16635	21237
27204	26933
27013	20125
29210	25525
21192	15233
20467	25297
3237	22846
27719	9904
29229	7819
21068	6908
27994	6511
29035	5824
979	12060
23235	2055
3518	8194
28115	24598
11436	29358
5539	2680
22616	23208
27214	20713
26196	27842
15924	8191
25371	5979
28146	5886
22930	29133
14871	4760
17692	22861
25806	3865
29723	23086
8051	24192
29799	10873
513	3234
20402	11603
8584	27711
27658	941
1128	24815
17849	6379
27572	22793
23672	10107
17206	15466
26225	26145
16216	22502
7319	6128
1687	23366
27678	10665
20260	188
29868	12828
23558	14400
17156	22107
17271	23414
21701	18164
4441	14824
12539	18138
980	19199
15872	2607
22922	27834
778	8286
26168	2422
2667	28672
1997	30040
25589	22177
4718	14539
19590	9750
16094	11329
3589	17099
19547	3342
20004	5162
24159	19676
26275	18225
16808	14913
5368	6844
25886	22957
18991	2353
16420	15787
535	6164
22628	2848
24988	17453
9063	3324
16563	7755
4892	16543
12857	25257
15977	6232
5198	23990
26281	5842
20309	21262
27680	6216
17311	14422
9444	4742
20109	984
21425	10861
22995	26553
24057	23869
15187	27655
23594	19757
10152	4713
24981	22171
2206	17876
27009	23579
6036	21043
10513	25240
8562	2390
22057	19799
12858	7204
13014	17467
24862	23546
13319	3425
10159	10640
11085	13006
28537	12276
7523	8351
19440	20611
21943	22436
28166	28843
21498	26071
7273	2868
7582	5756
17743	7889
16217	29035
25338	23700
17308	29205
870	15945
19117	7673
9595	3200
14918	1696
20639	13673
2818	19427
11965	23967
1676	19206
21115	9812
18819	26055
9998	20913
27763	469
23177	15651
8644	25734
4814	24435
11203	25128
29752	13043
13961	21290
27658	25230
30080	522
22234	24277
10069	14329
5048	28651
21573	28534
11098	5494
8592	3701
22062	21646
3145	5344
14554	4066
15886	6108
773	6939
3635	25618
3979	1902
9903	20722
20941	21405
17144	7688
6992	6197
16424	14082
15643	21427
5861	22535
10353	26277
22212	11
15829	11696
16056	25771
23816	19544
30032	18538
2762	23473
9926	13853
4789	21224
25944	630
8363	96
21046	3411
10515	19852
15689	18741
2887	15753
17438	20977
1725	21829
15235	28860
26095	4149
5312	5787
74	26796
6448	24567
18347	8649
6410	21324
14726	9638
16125	28685
11951	11284
3424	26153
3237	5057
28565	1922
12199	3556
7445	18177
22178	9733
13179	26417
11395	18265
6996	30138
10786	14044
687	22604
9105	6377
133	19750
29182	18869
16796	11834
23881	4516
28456	10839
14650	2455
25178	4433
16324	6058
4075	6128
27048	26118
20562	26430
3781	17600
18920	21891
9249	29435
1657	17041
20385	28905
5548	22650
24883	26948
27930	3559
10658	26438
24743	6792
6037	22041
6283	5380
24830	6862
1430	27693
14254	29669
7308	17068
7161	18262
25424	18052
14009	8845
10269	21291
26696	3534
15475	22687
9960	7231
16756	3099
27130	9152
26548	26067
21686	20342
14886	10242
7511	26709
15337	13449
4588	26261
26935	1536
24334	8445
10140	13013
7812	2473
7269	17209
16041	12300
3324	14794
21209	20216
17842	25513
18717	24662
28082	12891
17502	21164
15294	4464
6520	5047
3766	8108
23307	17580
1832	26776
14742	28053
18944	19152
27709	5412
27458	11357
18315	6343
3063	16977
26198	15416
5763	5000
20651	20229
7429	23204
6871	12970
18481	29433
1127	23431
29694	6921
25356	3062
28836	11829
13903	4274
29641	15094
14765	23110
21897	26041
12977	10830
10484	29803
11603	10358
18625	12190
28702	10721
16419	12228
10081	17244
27076	5851
8763	11640
26312	28087
5999	16793
24712	11389
19700	24034
1205	28218
13361	2621
14503	13647
9361	15130
4697	4918
27003	21079
28260	20921
23424	13196
7093	23485
6307	9462
16432	28668
1428	26791
9003	13307
3820	5972
24106	21829
8326	430
24231	23375
6890	2612
12548	25043
14469	29178
22830	19805
13554	17775
19707	11313
28969	26409
15808	26426
29774	25763
21641	16171
29082	6559
22457	21597
25109	4300
14529	12927
12595	17718
22590	3396
29441	26670
13009	18997
10122	12846
785	4570
14744	9399
18741	27606
19431	25843
18085	24325
24901	180
5167	16921
9464	8403
14611	2099
22401	4785
4882	5741
27305	5571
20884	7282
22252	12505
1120	27528
13284	5871
17095	13139
14151	15636
23324	27331
12054	19932
19071	26225
24036	27742
24119	19151
8809	16819
12573	20111
23671	15596
19646	25269
21657	2145
19516	11913
639	22837
3632	18553
5838	28350
3314	7627
19558	20070
262	13898
8549	13227
12946	22485
16252	27578
17022	20408
28482	17692
28101	7331
26436	13385
10582	27660
1983	24937
25497	608
20419	14609
15145	4072
14079	21177
27031	9129
4393	29623
5780	22150
18983	25036
13253	3741
10414	3868
6272	1318
10182	5233
5309	25234
2623	19913
3922	12970
351	25095
24811	411
27650	14039
5104	9425
6311	19543
2101	13286
27467	21272
4325	5396
5673	9183
23027	25080
20172	12647
21844	2691
8408	23687
5543	29970
16398	23726
23636	13220
25954	1862
1248	14049
1132	5239
19934	7952
21228	169
1146	19925
22261	23160
21775	3198
23131	20776
21534	11077
187	1338
11846	16241
1263	24831
3178	22318
10650	3177
20230	9929
18192	11506
8667	262
613	14516
24899	28868
29871	15250
6541	10251
27492	14995
9751	21019
27056	15914
7665	26233
1878	11408
7637	28523
24309	21026
3168	17582
26630	21722
15556	8495
4493	22103
11759	22745
4304	7837
16927	23049
21083	21492
16796	11609
16747	6564
7799	6752
16477	19909
17933	9891
12461	29257
18934	2719
17152	12031
28767	14802
19483	18405
14614	9995
20588	5148
6218	5666
17130	29470
19617	14427
14447	4568
7192	16570
28144	26428
8817	10609
4931	5377
10976	13099
15915	25142
4568	19572
16646	27616
27451	15870
25816	26480
13270	21394
7689	7310
28837	5324
13643	14940
11983	13756
18642	28533
3122	12450
19334	30072
16227	28152
23658	6869
16472	19363
1658	25290
24496	17096
29874	14202
14315	7047
15690	16096
15281	18245
6416	1012
580	21827
29310	3254
14317	5193
18293	15315
20735	9411
10725	13928
6202	16650
8897	23676
17212	2250
11177	14728
6373	20950
10127	23774
28563	27534
22254	14369
27768	26545
26215	20053
2828	928
7536	21119
26615	12183
24795	26200
12574	8287
16450	17330
11878	30168
24138	11441
19612	339
193	6459
17554	11518
23274	835
1857	7367
1845	6257
21400	24712
21532	3222
22282	16274
14757	14394
13273	9293
26439	17412
20078	13594
22425	25243
18432	7208
7047	11178
4397	1881
3757	9106
27701	6437
17138	20576
10797	9171
6226	25472
8713	20724
17768	28254
23526	20235
26039	10330
9053	24725
16116	20851
25291	21134
22841	27210
9760	896
26341	8645
24753	10567
16687	9607
17616	253
4740	504
9971	24819
25816	17740
24359	20498
18156	28844
11350	2296
7456	377
20793	1551
23669	30094
5207	22388
14778	29488
15453	9095
10253	13717
17167	1028
27049	28808
2959	11587
15897	21342
22157	2507
25479	28749
25376	21768
19264	29522
25859	18108
10506	29748
18650	21553
22343	17066
25722	4397
351	26160
21000	8805
23670	26629
8376	7051
26417	23225
24708	8554
21339	13209
22791	2887
10003	29846
5184	14797
2469	6367
5028	28057
1255	10147
4395	23875
20810	20602
29815	12900
27299	9899
26734	1451
27451	19761
5631	4621
9210	19285
18209	17355
7673	10895
26820	25677
23050	9045
16126	20515
18658	5937
8861	5478
7049	6698
4238	25848
9834	22459
3848	29394
22705	13904
13902	25001
7189	24064
25454	1278
24698	29626
24950	1407
8143	3750
8265	14175
19316	25135
3847	18315
3615	20962
9226	12250
10685	24752
11911	18834
4142	23446
27800	19312
17963	24267
13436	2443
7063	11572
16790	5293
450	27803
15313	22089
13410	25111
12118	22217
7835	19328
25852	19974
2296	27127
21360	8354
23351	19479
10482	12659
10047	13034
71	4955
24071	5874
6684	17410
1786	9626
18819	17763
2681	1273
17504	20802
20710	8288
23596	22823
16040	24533
82	165
10924	11419
3074	2201
11343	8980
16558	436
10489	28
5466	5723
9156	1628
26013	23144
19058	27662
10820	18604
13663	9788
12373	20389
20955	936
23937	14765
18228	20321
18794	10202
7711	9996
24250	10884
29840	3903
9790	21245
2793	28683
16238	2246
2686	10319
4028	28871
2332	29052
18585	28486
20376	25804
19011	23986
6744	19486
29341	17116
5686	13278
10028	1706
4859	24378
20567	22556
25712	828
19647	21621
14797	14481
143	24010
7320	28878
13606	25423
9956	5266
26903	21729
13876	27678
16264	8802
8612	9426
193	16177
8619	29890
19161	7242
15001	25492
10212	9243
9916	22050
29987	4323
11820	14247
12521	29114
10881	15044
13632	10662
25264	29657
17844	23085
11128	24545
20251	23745
607	1445
19306	11399
22697	22651
5751	12315
4284	5191
10034	9716
7379	301
9476	29732
21170	23179
26191	19909
19855	2984
24078	19569
7121	10856
14162	3459
20560	25424
19134	5016
6255	19023
5085	24875
13127	1021
17858	11328
13271	9457
9578	10578
4771	26656
16997	3811
17524	26104
24296	16330
19336	26161
10460	10525
21824	12219
24826	28496
26991	12619
12493	7335
14872	5245
1058	8736
11711	3634
1980	5615
10487	23195
26087	9169
20123	7672
17436	10424
24154	19584
27707	20168
18012	11028
3854	19114
5330	9286
6877	12579
6390	19733
11297	26852
15672	28796
10976	25182
11016	15076
30130	12964
18101	3254
8749	18895
29353	18694
10742	21360
8618	16210
27384	9610
25083	16453
10077	28018
3630	28640
27936	6116
25628	6249
2102	28679
6734	6669
18688	23895
2030	15640
4306	28690
24661	1940
12837	14819
27668	10397
1166	26188
13996	18503
4256	12017
551	14235
24769	29558
26418	10516
11767	13561
4772	10940
11635	27838
21872	4849
14388	19352
15136	25815
13989	5544
2744	26808
9288	5003
3149	11168
3199	13180
23861	5544
11397	13134
12482	24085
19089	20400
24996	19316
15780	2810
4248	6855
13476	19725
9789	17101
25176	26412
6722	19806
11385	101
5059	22004
23599	16555
11346	17133
16638	15256
2996	26311
21356	26433
26731	6741
20258	28906
21925	11149
20110	13017
982	3662
5725	13133
19275	22632
19049	25231
4676	9446
25494	23722
23478	1053
18170	20369
7893	10138
30083	2126
2999	13291
8390	5964
13581	7736
15329	13714
22271	164
7112	13649
5556	23429
3958	28834
5999	6779
21919	7542
28155	6036
22258	9876
15140	3097
4733	8535
17703	20984
27693	22765
30093	20877
18502	5613
26567	29287
25148	9820
6396	27812
6549	18785
19143	23719
14554	29989
11021	8125
948	1181
25472	15422
19450	24061
1083	21053
20032	22606
17387	6411
10444	15057
18289	2020
11763	23765
13738	4029
21653	9056
18822	15777
26951	16300
5033	10632
6884	15139
7771	18206
27839	4299
21410	18397
5805	27632
9136	9186
29927	12492
1912	2420
20667	9005
20453	4513
10230	21398
22836	18952
10386	16711
25141	3622
24393	19493
14748	10091
9867	13638
29566	28143
24527	1278
22500	23945
22949	17782
6015	14203
17754	18710
6252	13795
7289	5286
8141	22444
30128	11635
18326	13103
6985	3889
6358	12125
2277	4865
8077	15624
10744	6714
13530	6860
25050	6520
14637	22723
2217	25675
8620	25673
21603	9187
20472	24949
29383	9892
18212	23910
8084	28597
4637	7605
24614	5195
16336	27566
1776	19625
5598	10454
15207	18612
17991	3095
7945	11821
19432	9311
19237	22673
29144	2097
10478	19818
18309	18914
24076	19506
25250	8678
12334	9787
27968	24031
21319	5033
14050	20962
19807	25210
14387	21987
11740	9292
10084	29533
13803	7591
7168	29511
17944	19475
14004	14132
14826	7552
19305	22358
8974	13049
29185	7879
13460	14068
15346	9761
13942	25748
2393	5767
2006	16673
5747	14049
15960	10499
17080	23119
5793	12382
22651	14566
18801	4663
7319	853
22280	14122
22317	14292
29652	21734
4618	2996
12043	16155
8613	11949
3338	21340
3156	16977
13308	19995
22789	24129
26367	13708
9507	29279
17917	2852
10394	2724
13253	8652
12052	12859
11963	20930
6171	639
19079	14373
23282	17277
22819	9735
13857	6076
12130	20404
26102	2770
9068	23448
11456	7252
2190	14129
8490	8205
21605	15621
1056	28514
10543	14807
4486	13292
27177	14210
20774	2963
10374	15926
1516	6565
16790	23122
1070	21711
103	22293
20291	20551
4594	2149
15621	16065
17829	2474
23541	27492
26875	15117
9296	15085
26467	2670
15630	23395
10915	18352
23970	15294
8657	7387
4359	8025
12787	4396
3309	26859
413	13732
776	6127
24864	23640
14240	14860
26956	11761
18171	17540
21235	10756
3681	9658
5760	6018
22901	20284
17555	4651
2564	13048
29232	311
3836	1296
16281	2025
16905	29734
11741	3248
27866	11480
5598	4140
14443	6072
7396	14832
7184	5016
10622	28802
26860	2662
309	30105
8732	26561
14457	28984
27902	881
20571	19723
6000	26019
17450	22894
26671	23334
2742	8224
16921	12002
6437	21559
21453	29652
1472	17963
19551	1826
16790	1165
15499	30093
6815	12906
20863	8745
16960	16767
20628	16676
24874	8447
665	20635
7642	5421
13221	12279
16509	1651
28322	11049
20956	1510
9235	5855
26605	24642
3985	26271
6944	14102
26721	24095
21926	11479
9135	28837
10445	29990
23467	3284
18495	7818
20928	26563
24860	71
20812	12146
28118	27567
14290	5331
6649	17868
23950	17849
26454	29104
10844	836
7537	16426
13786	27828
5179	18729
21613	20202
2320	21671
284	27724
16926	23140
25629	23165
6535	26147
29799	20766
27536	657
12136	9657
14350	21792
25573	19166
28364	25768
13565	12655
12170	18857
17780	8831
13338	19337
21559	10966
14821	27941
24449	17275
7876	24519
29109	29089
17978	13993
19718	7782
29470	10100
26686	22269
2803	23463
7393	16678
7901	22974
10828	25955
8375	9170
4388	29352
5934	68
4601	22804
9206	5542
22349	28727
29806	3348
1855	15897
8652	22214
16293	13173
5497	11707
30001	27689
23101	15615
23179	12642
9298	6360
9059	16740
26582	26941
23342	27836
4876	15317
17421	22295
22711	7597
6234	2476
12249	17863
3970	26545
22642	13396
25322	1733
24562	26736
25323	4573
17242	9412
18554	21926
18321	10975
25173	27692
12507	11375
28851	20300
25774	23575
29321	26776
26390	25755
18165	24853
22476	25894
15339	24119
16425	1479
11847	6665
18010	21880
22062	15747
22644	3519
26810	14734
17537	10645
11728	10034
8094	20748
11067	14219
25848	4506
24366	16612
8918	17555
17142	18491
13685	23841
26756	2944
11222	7820
5814	3539
1498	19048
1757	5442
23240	500
26841	23877
22957	28071
25473	20004
8256	21088
4919	27507
27684	5105
7370	29949
24868	9910
13984	26410
27496	5158
25561	6608
19553	8912
21000	6784
10802	11990
2050	22350
5915	20110
11886	29421
23865	20968
16261	13868
26508	20704
5845	17428
19660	18008
20618	21213
1644	16132
3536	8672
21327	9149
7336	2185
23957	14289
18520	16717
7431	10807
10356	16298
5346	9195
4268	10274
15864	1041
22131	21193
21654	24242
13075	21634
5677	7013
22743	4426
12916	22461
28926	8690
15316	13311
27804	23357
850	16145
26540	12015
23542	10574
27130	17261
14702	973
23348	11143
19373	216
26569	24456
9277	4049
8139	19765
2290	582
8221	23258
20667	23670
9698	21976
27648	8340
9368	492
6366	7795
10448	12266
10094	22788
15994	16660
24089	11545
6499	3194
12688	14297
25512	11010
8877	24979
10690	6441
16981	23173
10689	1997
23305	13006
6771	1531
22095	14672
21588	16815
228	20861
26054	29371
14496	8978
29509	396
2815	28010
16216	6200
15618	24392
437	25935
14403	20429
23643	27086
952	7309
24190	22765
8767	28185
22788	25825
5444	7260
20779	19101
14477	8792
28044	26992
4806	11512
3793	2719
4100	21599
30136	17592
9134	28820
29921	27946
13258	11712
17321	24613
7612	9431
20857	26432
11020	8471
21515	1962
16303	8541
7956	5148
5085	21488
27467	6830
20002	1990
18471	12491
1374	11789
15308	283
23339	19962
10885	29987
6847	11736
12269	25711
25139	16265
26576	17920
10570	8394
16301	21377
10466	11328
12511	5599
19688	25524
3611	15680
5240	24783
8517	18176
24188	21389
8096	9920
18536	8824
3422	20156
11848	22262
11626	30000
9560	4666
28975	28608
6299	30059
9777	5778
29228	8475
11505	7873
3871	3944
23824	3923
28503	6402
24312	29641
6548	27432
4569	4170
26523	5245
21746	20531
12293	22960
20590	3506
5394	28099
28229	16820
6793	21853
25212	7037
3873	25790
27420	3269
7110	4892
2802	6697
15247	16489
11825	10991
11864	10487
3704	18828
16670	21798
12868	4384
22030	7054
3611	15700
9278	15320
29913	27168
13474	6552
14703	3884
29335	20256
12026	6994
18092	9880
7577	4355
13665	16352
13474	10499
25976	14375
22854	25036
8097	29118
23298	15967
10384	12050
6001	27897
26992	5664
16758	7891
27351	23091
22964	10929
12014	3553
26636	12235
11456	12645
9715	20401
6606	11996
14189	10170
7616	8729
14426	16626
16659	23659
20629	22633
4453	28581
8326	9261
1013	7711
10943	24651
14115	4189
14624	25293
10225	13539
21101	12541
18205	9289
12177	14853
5873	26991
16231	12456
11804	19882
7397	16025
2371	29749
4401	12627
4802	26986
8440	5703
471	27950
42	21489
14327	9945
5663	20958
2097	30050
5040	16223
13401	24730
15637	4409
20573	27028
18599	2022
9580	24100
215	27096
18698	5492
4672	8573
12131	21940
14757	29777
19649	28279
25177	21301
25540	2735
3414	16434
19724	9767
4782	5808
8473	28283
2408	1961
451	17630
10502	22980
20374	13690
11445	29008
27601	25076
13948	26435
17206	21097
30148	24826
12313	25464
19745	11766
25651	6290
26033	27411
29686	20205
28659	15287
8722	9172
7071	2728
21645	29856
22507	4889
24134	25212
12688	726
29486	19175
20709	28751
25201	9613
14401	14152
19841	14145
17324	10651
10477	5260
14774	12583
13645	10737
15535	29931
29351	11440
25412	21521
26044	24625
291	9212
17054	1979
21744	16922
27438	29714
13082	16442
23571	7773
27343	7615
26879	9321
6788	7084
23890	29043
14860	1949
18857	4327
19581	4536
3095	20077
22532	27689
18883	4222
5357	22024
12868	11016
17705	25187
19668	21690
129	23925
14844	13675
7606	30033
18958	11276
14794	6883
26314	7371
6518	7440
5208	17417
9036	9180
3859	5324
20741	2554
12657	15975
19842	26339
16003	23892
23124	27960
4038	3379
8692	19950
1226	4744
1719	26856
10522	28756
11893	23829
10077	22587
5651	24577
3772	27334
19678	20196
18214	28245
20299	6882
14884	12320
27653	18754
19653	5409
25785	3917
6965	13642
10877	29050
23120	28498
6838	20358
10874	20533
24152	17582
26173	25775
25209	5265
8430	9116
9048	29825
7980	28639
3990	4232
6662	20263
15735	13110
27895	23204
21629	2345
2971	1699
24458	23372
5085	28065
25823	29173
18542	29380
21326	22284
17201	28921
5131	16640
18310	20883
25778	20894
25676	690
16872	19642
25330	4518
2671	16777
30067	11774
9926	3003
23450	4568
3299	14986
21436	3247
20123	5386
8629	23500
4917	8482
12660	26204
16838	30004
10670	25456
8137	11194
6684	30025
21602	19833
5473	5783
29265	26678
3485	5574
2820	27929
15660	16468
18018	11130
28525	9358
17603	8220
11010	7349
28058	3676
12544	9712
27553	14381
15870	27533
30154	1983
4697	9180
23047	11375
18089	7208
13993	19652
7244	11094
18361	27345
12930	29171
15109	29567
28425	28480
21005	15563
27295	25705
24060	24701
2366	2972
14568	5629
11440	7284
537	18915
5745	1967
14560	6798
2015	25537
2168	3848
28782	13402
6849	1846
24133	20082
14920	2045
8109	20071
27130	29970
14361	8834
9558	29382
2948	19252
202	1837
19137	20563
15121	3526
9017	19467
18104	7158
18134	7390
20738	29235
24431	14220
29125	29432
6538	17367
23714	28060
26788	23728
21126	9517
11482	384
24188	12400
26858	4114
19852	19718
8560	14855
17848	9213
11890	19928
17679	22386
17387	16291
25077	10298
5599	8358
5281	10517
22576	14721
2019	6040
29382	13519
13681	7497
2100	14055
6382	21260
18325	20570
21473	23049
4842	14080
29408	7113
6370	19379
25560	27038
2360	28607
26199	3790
4941	22037
7319	12409
16981	14480
5100	13014
10824	837
18949	14904
928	22559
22384	15949
18565	17244
20454	9152
10931	17274
20369	19783
14837	13119
4473	6110
7855	10760
6312	1698
25807	117
27153	6911
28815	4662
26692	5033
4949	12555
24516	17430
24835	6530
8266	13240
19724	22028
22474	27695
3540	11707
24315	11921
29559	28543
14326	16384
3979	29783
16975	25523
20749	21232
3144	12591
25941	28252
13253	8442
16601	23482
6869	24123
5669	2049
6395	26503
20019	17122
25530	19160
9212	22203
29526	27960
17494	29563
12162	27270
8465	11339
20337	17675
25899	20038
7533	30014
23264	2605
23748	3053
16246	13168
11970	4190
21717	8413
2895	4127
16753	2861
18783	28694
8210	29357
20536	24865
20677	8889
10596	1482
6599	15222
14332	3587
22474	14963
18805	12373
22623	4909
28331	4762
13374	18588
19643	28020
29180	22499
7511	14126
10964	4604
1891	3918
24316	19082
22354	21439
25124	20960
25479	24977
5398	15768
15747	18364
1322	4957
22982	8993
23745	2147
29609	28841
2879	9050
2368	16120
29988	7153
17787	9697
6668	13745
3114	16694
11119	975
6792	9491
5671	11393
27844	17330
10565	12610
29483	24213
22937	1420
6011	10174
773	23037
2233	19630
20175	26709
3552	9025
17665	23321
23667	26950
17091	18853
22015	20246
9698	5620
311	27871
22614	9740
22147	13847
27018	24927
14453	12032
13152	20571
5090	13593
12899	16130
29755	10845
13439	369
10714	5737
29291	17694
25874	12532
28344	2138
28047	25724
25192	21587
10766	28358
3968	17145
12272	6762
4325	8944
8171	28875
25219	12073
5848	10455
3057	178
9345	22443
21668	10776
10114	22231
26156	2075
6987	2106
17886	18680
4882	24147
7265	6669
13901	16174
7260	300
15078	22871
2944	9378
12514	2719
14529	3016
14712	10014
24176	11266
4200	21197
4751	13712
20701	622
19793	24353
14547	10170
201	24829
19656	21414
29299	16887
8836	27888
8990	27032
14342	5216
3285	2349
21540	1862
9310	25373
4270	6850
6952	6489
9558	27568
1347	29036
19015	18719
11188	8753
1079	15076
11702	19219
17134	3074
20459	16163
26994	14729
1418	8469
29278	2354
329	12629
4875	8922
276	24516
2518	13968
26143	1409
4311	14868
5817	8472
27281	20837
12756	1611
28736	20397
3440	3453
8101	5966
25706	19150
17886	27082
17515	14574
21455	3482
21075	16262
16842	508
387	22348
25157	15781
3561	25834
19410	13186
2183	14893
15438	16667
16899	18574
14078	28255
3515	14937
26206	27093
22984	9713
21999	5161
23715	13704
10574	11314
3665	14702
28848	28368
15772	24155
7881	24013
419	22743
14064	26247
28133	9252
7756	396
18396	4021
23819	21340
20995	9853
5935	10999
6980	2619
13625	4542
22410	14092
130	6625
16507	3239
18926	11678
23751	7407
17072	13570
16812	13581
13409	25600
20645	15815
4685	8568
16434	14389
21153	17277
29515	21664
21776	367
22186	11227
18607	12277
4782	20759
22969	29071
9808	9284
8526	12099
8584	12830
13073	22152
12961	14150
5734	13731
17280	23534
17518	3342
25946	4168
14215	10751
6865	27367
7302	6502
28639	8762
7447	2747
16039	22181
19787	10105
4137	27196
22252	10022
18939	19899
4041	16712
13824	5711
25638	9853
9864	3988
27985	23578
10684	9409
3425	16926
8046	10586
1587	17132
23525	26716
11492	7692
14268	29344
23385	20561
16326	26857
6306	6354
11799	2647
20081	30142
20943	4325
23795	18902
28247	26919
9609	28468
27100	8220
10090	25617
15428	9141
25727	26795
16793	306
7344	18735
5735	28300
9177	7126
3147	20442
13005	7501
20070	11827
21553	6187
2843	23623
2074	27754
16659	26825
28365	17457
16656	17385
17437	29409
3688	25018
5506	4580
9372	7544
7989	22353
18747	2599
16550	7707
20288	19398
5030	6191
22033	15601
26953	5117
21133	13210
686	25279
6460	5755
10502	15263
26192	21068
21875	26392
12070	23252
14595	16525
5922	14456
13835	14216
4178	21686
3809	2051
11641	8861
16533	16597
25619	18869
6687	8218
27556	29313
21005	26683
7933	10175
8858	14793
16305	4506
3330	5570
22890	28676
19022	607
7413	8333
9144	15131
2817	11441
4463	28603
1654	18252
27224	9338
10850	15206
3316	8001
20116	11933
26044	8979
387	15266
6204	24457
28696	3708
21287	14782
13869	3422
5479	14709
3877	22952
1161	8228
20889	24206
15387	5452
17970	12652
78	11767
29403	3418
8971	627
1679	8845
9903	522
27470	3951
25442	27202
16567	3573
26359	20852
18545	5880
2623	852
14231	12387
7008	8145
21444	23901
10310	5101
15611	12256
21415	27991
24850	4787
27691	26154
25870	17066
5245	4328
2254	11086
15726	19722
20309	19807
10133	28742
7268	2640
1133	7075
18952	1937
3173	15454
29686	23064
18561	13040
611	10799
1365	15302
12866	28245
10042	12545
11079	20178
22985	29869
17474	11685
14548	13831
13630	12466
28020	23816
8987	18570
22857	4700
18870	22999
17559	7814
22945	18617
8939	13636
13822	6993
12387	29637
12496	18742
28438	13142
10707	13087
11596	7181
12043	28656
14431	21473
426	30007
18859	10975
11722	18736
12370	849
13952	27652
15475	1023
18588	4788
2573	5838
21647	21099
27403	12935
28708	6448
2391	904
24437	16063
9597	25732
14568	13798
16330	16564
27330	26836
28845	13879
16150	27164
6537	11044
25654	23820
16989	30065
5574	27961
17924	25753
15174	18823
5385	15187
17829	15300
10591	21887
10378	27988
4379	9388
8453	26048
29841	25509
20521	19352
11846	3425
20550	19650
6058	9376
23105	24611
5619	16505
21873	26030
29822	29360
21842	29111
27367	4295
22990	18846
17031	21082
10359	5301
